 -85.76058712044312
 -80.26877907224927
 -74.74454036863555
 -69.21297616937066
 -63.67863556109688
 -58.14295404920341
 -52.60652603434517
 -47.06964205968766
 -41.53246124665592
 -35.99507841127173
 -30.45755396115208
 -24.91992862994862
 -19.38223134643439
 -13.84448373438485
  -8.30670285651879
  -2.76890300773601
   2.76890300773601
   8.30670285651879
  13.84448373438485
  19.38223134643439
  24.91992862994862
  30.45755396115208
  35.99507841127173
  41.53246124665592
  47.06964205968766
  52.60652603434517
  58.14295404920341
  63.67863556109688
  69.21297616937066
  74.74454036863555
  80.26877907224927
  85.76058712044312
